image: lu_cart.pgm
resolution: 0.025000
origin: [-5.716981, -7.706958, 0.000000]
negate: 0
occupied_thresh: 0.65
free_thresh: 0.196

